0.000000 0.007276
22.751080 0.008494
24.751080 0.008625
26.751080 0.008762
28.751080 0.008903
30.751080 0.009051
32.751080 0.009205
34.751080 0.009366
36.751080 0.009533
38.751080 0.009709
40.751080 0.009894
42.751080 0.010087
44.751080 0.010291
46.751080 0.010506
48.751080 0.010733
50.751080 0.010973
52.751080 0.011228
54.751080 0.011498
56.751080 0.011787
58.751080 0.012095
60.751080 0.012425
62.751080 0.012779
64.751080 0.013161
66.751080 0.013573
68.751080 0.014019
70.751080 0.014504
72.751080 0.015033
74.751080 0.015610
76.751080 0.016241
78.751080 0.016935
80.751080 0.017697
82.751080 0.018536
84.751080 0.019459
86.751080 0.020473
88.751080 0.021583
90.751080 0.022791
92.751080 0.024097
94.751080 0.025492
96.751080 0.026963
98.751080 0.028489
100.751080 0.030046
103.755400 0.032383
105.755400 0.033899
107.755400 0.035351
109.755400 0.036703
111.755400 0.037911
113.755400 0.038917
115.755400 0.039661
118.450800 0.040170
120.450800 0.040166
122.450800 0.039870
124.450800 0.039353
126.450800 0.038708
128.450800 0.038029
130.450800 0.037401
132.450800 0.036891
134.450800 0.036543
136.450800 0.036382
138.450800 0.036412
140.450800 0.036619
142.450800 0.036972
144.450800 0.037421
146.450800 0.037900
148.450800 0.038333
150.450800 0.038642
153.289600 0.038747
155.289600 0.038543
157.289600 0.038119
159.289600 0.037519
161.289600 0.036807
163.289600 0.036050
165.289600 0.035309
167.289600 0.034634
169.289600 0.034058
171.289600 0.033604
173.289600 0.033283
175.289600 0.033101
177.289600 0.033059
179.289600 0.033155
181.289600 0.033389
183.289600 0.033757
185.289600 0.034255
187.289600 0.034879
189.289600 0.035623
191.289600 0.036475
193.289600 0.037420
195.289600 0.038436
197.289600 0.039492
199.289600 0.040554
201.289600 0.041587
204.478600 0.043101
206.478600 0.043953
208.478600 0.044744
210.478600 0.045505
212.478600 0.046282
214.478600 0.047121
216.478600 0.048066
218.478600 0.049158
220.478600 0.050427
222.478600 0.051902
224.478600 0.053604
226.478600 0.055553
228.478600 0.057767
230.478600 0.060258
232.478600 0.063037
234.478600 0.066107
236.478600 0.069462
238.478600 0.073082
240.478600 0.076930
242.478600 0.080951
245.734600 0.087667
247.734600 0.091743
249.734600 0.095651
251.734600 0.099288
255.110100 0.104610
257.110100 0.107262
259.110100 0.109616
261.110100 0.111799
263.110100 0.113970
265.110100 0.116296
267.424100 0.119392
269.424100 0.122581
271.424100 0.126384
273.424100 0.130925
275.424100 0.136319
277.424100 0.142684
279.424100 0.150137
281.424100 0.158798
283.424100 0.168791
285.424100 0.180241
287.424100 0.193269
289.424100 0.207982
291.424100 0.224454
293.424100 0.242695
295.424100 0.262616
297.424100 0.283980
299.424100 0.306358
301.424100 0.329096
303.424100 0.351334
305.424100 0.372090
307.424100 0.390420
309.642600 0.407087
311.642600 0.418558
313.642600 0.426956
315.642600 0.432984
317.642600 0.437537
319.642600 0.441449
321.642600 0.445318
323.642600 0.449425
327.520400 0.457909
329.520400 0.462184
331.520400 0.466184
334.353500 0.471421
336.353500 0.475057
338.353500 0.478917
340.353500 0.483151
342.353500 0.487660
344.353500 0.491974
346.353500 0.495221
348.353500 0.496218
350.353500 0.493702
352.682300 0.485010
354.682300 0.472101
356.682300 0.454467
358.682300 0.433044
360.682300 0.409143
362.682300 0.384159
364.682300 0.359343
366.682300 0.335669
368.682300 0.313809
370.682300 0.294161
372.682300 0.276910
374.682300 0.262087
376.682300 0.249612
378.682300 0.239327
380.682300 0.231011
382.682300 0.224383
384.682300 0.219099
386.682300 0.214756
388.682300 0.210903
391.654300 0.205094
393.654300 0.200544
396.131400 0.193734
398.131400 0.187201
400.131400 0.179862
402.131400 0.171960
404.131400 0.163799
406.131400 0.155685
408.131400 0.147874
410.131400 0.140556
412.131400 0.133854
414.131400 0.127831
416.131400 0.122509
418.131400 0.117879
420.131400 0.113912
422.131400 0.110572
424.131400 0.107811
426.131400 0.105579
428.131400 0.103816
430.131400 0.102455
432.131400 0.101419
434.131400 0.100621
436.131400 0.099971
438.131400 0.099383
440.427700 0.098702
442.427700 0.098067
444.427700 0.097399
446.427700 0.096736
448.427700 0.096138
450.427700 0.095671
452.427700 0.095394
454.427700 0.095358
456.427700 0.095602
458.427700 0.096154
460.427700 0.097036
462.427700 0.098263
464.427700 0.099853
466.427700 0.101822
468.427700 0.104188
470.427700 0.106974
472.427700 0.110209
474.427700 0.113925
476.427700 0.118160
478.427700 0.122958
480.427700 0.128368
482.427700 0.134445
484.427700 0.141241
486.427700 0.148811
488.427700 0.157198
490.427700 0.166431
492.427700 0.176510
494.427700 0.187395
496.427700 0.198998
498.427700 0.211177
500.427700 0.223759
502.427700 0.236568
505.648900 0.257426
507.648900 0.270594
509.648900 0.284217
511.648900 0.298706
513.648900 0.314564
515.648900 0.332315
517.648900 0.352439
519.648900 0.375323
521.648900 0.401205
523.648900 0.430130
525.648900 0.461878
527.648900 0.495891
529.648900 0.531203
531.648900 0.566418
533.648900 0.599775
535.648900 0.629347
539.091900 0.666564
541.091900 0.678693
543.091900 0.684014
545.091900 0.683653
548.754700 0.673985
550.754700 0.667212
552.754700 0.661606
554.754700 0.658544
556.754700 0.659001
558.754700 0.663469
560.754700 0.671891
562.754700 0.683606
564.754700 0.697321
566.754700 0.711156
568.754700 0.722785
570.804900 0.729802
572.804900 0.729549
575.634800 0.714273
577.634800 0.692454
579.634800 0.662499
581.634800 0.626242
583.634800 0.585935
585.634800 0.543816
587.634800 0.501799
589.634800 0.461319
591.634800 0.423321
593.634800 0.388332
595.634800 0.356562
597.634800 0.328004
599.634800 0.302519
601.634800 0.279890
603.634800 0.259867
605.634800 0.242192
607.634800 0.226607
609.634800 0.212860
611.634800 0.200710
613.634800 0.189918
615.634800 0.180254
617.634800 0.171497
619.634800 0.163443
622.047200 0.154430
624.047200 0.147403
626.047200 0.140713
628.047200 0.134346
630.047200 0.128319
632.047200 0.122660
634.047200 0.117397
636.047200 0.112548
638.047200 0.108118
640.047200 0.104103
642.047200 0.100491
644.047200 0.097267
646.047200 0.094411
648.047200 0.091906
650.047200 0.089734
652.047200 0.087881
654.047200 0.086336
656.047200 0.085091
658.047200 0.084141
660.047200 0.083484
662.047200 0.083124
664.047200 0.083068
666.047200 0.083327
668.047200 0.083916
670.047200 0.084856
672.047200 0.086173
674.047200 0.087899
676.047200 0.090070
678.047200 0.092730
680.047200 0.095928
682.047200 0.099716
684.047200 0.104149
686.047200 0.109280
688.047200 0.115151
690.047200 0.121785
692.047200 0.129166
694.047200 0.137223
696.047200 0.145799
698.047200 0.154629
700.047200 0.163323
702.047200 0.171378
704.047200 0.178228
706.047200 0.183327
708.203300 0.186413
710.203300 0.186887
712.203300 0.185224
714.203300 0.181832
716.203300 0.177257
718.203300 0.172054
720.203300 0.166685
722.203300 0.161453
724.203300 0.156490
726.203300 0.151769
728.203300 0.147151
730.203300 0.142445
732.305000 0.137216
734.305000 0.131870
736.305000 0.126169
738.305000 0.120216
740.305000 0.114173
742.305000 0.108220
744.305000 0.102514
746.305000 0.097178
748.305000 0.092289
750.305000 0.087885
752.305000 0.083977
754.305000 0.080555
756.305000 0.077597
758.305000 0.075078
760.305000 0.072970
762.305000 0.071247
764.305000 0.069887
766.305000 0.068871
768.305000 0.068185
770.305000 0.067821
772.305000 0.067776
774.305000 0.068050
776.305000 0.068651
778.305000 0.069590
780.305000 0.070886
782.305000 0.072561
784.305000 0.074644
786.305000 0.077167
788.305000 0.080165
790.305000 0.083675
792.305000 0.087732
794.305000 0.092359
796.305000 0.097561
798.305000 0.103312
800.305000 0.109533
802.305000 0.116081
804.305000 0.122725
806.305000 0.129146
808.305000 0.134952
810.305000 0.139730
813.616200 0.144474
815.616200 0.145172
817.616200 0.144338
819.616200 0.142263
821.616200 0.139337
823.616200 0.135955
825.616200 0.132438
827.616200 0.128990
829.616200 0.125691
831.616200 0.122508
833.616200 0.119341
836.801400 0.114032
838.801400 0.110412
840.801400 0.106574
842.801400 0.102598
844.801400 0.098607
846.801400 0.094739
848.801400 0.091115
850.801400 0.087830
852.801400 0.084947
854.801400 0.082502
856.801400 0.080512
858.801400 0.078980
860.801400 0.077903
862.801400 0.077275
864.801400 0.077090
866.801400 0.077348
868.801400 0.078047
870.801400 0.079190
872.801400 0.080780
874.801400 0.082817
876.801400 0.085292
878.801400 0.088181
880.801400 0.091432
882.801400 0.094961
884.801400 0.098636
886.801400 0.102276
888.801400 0.105663
890.801400 0.108565
894.210700 0.111855
896.210700 0.112672
898.210700 0.112734
900.210700 0.112224
902.210700 0.111388
904.210700 0.110494
906.210700 0.109784
908.210700 0.109462
910.210700 0.109681
912.210700 0.110554
914.210700 0.112156
916.210700 0.114530
918.210700 0.117695
920.210700 0.121634
922.210700 0.126290
924.210700 0.131547
926.210700 0.137213
928.210700 0.143003
930.210700 0.148542
932.210700 0.153380
934.210700 0.157053
937.287400 0.159570
939.287400 0.158903
941.287400 0.156514
943.287400 0.152708
945.287400 0.147910
947.287400 0.142572
949.287400 0.137098
951.287400 0.131809
953.287400 0.126928
955.287400 0.122594
957.287400 0.118879
959.287400 0.115811
961.287400 0.113386
963.287400 0.111586
965.287400 0.110386
967.287400 0.109759
969.287400 0.109683
971.287400 0.110137
973.287400 0.111112
975.287400 0.112601
977.287400 0.114607
979.287400 0.117142
981.287400 0.120225
983.287400 0.123885
985.287400 0.128159
987.287400 0.133095
989.287400 0.138752
991.287400 0.145198
993.287400 0.152513
995.287400 0.160787
997.287400 0.170119
999.287400 0.180611
1001.287400 0.192361
1003.287400 0.205453
1005.287400 0.219937
1007.287400 0.235799
1009.287400 0.252929
1011.287400 0.271071
1013.287400 0.289783
1015.287400 0.308407
1017.287400 0.326087
1019.287400 0.341845
1021.287400 0.354740
1023.568400 0.365085
1025.568400 0.370084
1027.568400 0.371617
1029.568400 0.370482
1031.568400 0.367758
1033.568400 0.364591
1035.568400 0.362026
1037.568400 0.360913
1039.568400 0.361875
1041.568400 0.365320
1043.568400 0.371465
1045.568400 0.380349
1047.568400 0.391837
1049.568400 0.405612
1051.568400 0.421157
1053.568400 0.437771
1055.568400 0.454615
1057.568400 0.470829
1060.601500 0.492709
1062.601500 0.504922
1064.601500 0.515585
1066.601500 0.525259
1068.601500 0.534635
1070.601500 0.544310
1072.601500 0.554615
1074.601500 0.565539
1076.601500 0.576780
1078.601500 0.587889
1081.063800 0.600853
1083.063800 0.610731
1085.063800 0.620392
1087.063800 0.630512
1089.063800 0.641887
1091.063800 0.655202
1093.063800 0.670812
1095.063800 0.688595
1097.063800 0.707887
1099.063800 0.727534
1101.063800 0.746056
1104.513800 0.771115
1107.278200 0.782304
1109.278200 0.785586
1111.278200 0.786002
1113.278200 0.785099
1115.278200 0.784482
1117.278200 0.785474
1119.278200 0.788873
1121.278200 0.794843
1123.278200 0.802938
1125.278200 0.812212
1128.810400 0.827678
1130.810400 0.833862
1132.810400 0.837159
1136.495600 0.835275
1138.495600 0.830933
1140.495600 0.825705
1142.495600 0.821082
1144.495600 0.818586
1146.495600 0.819545
1148.495600 0.824918
1150.495600 0.835181
1152.495600 0.850283
1154.495600 0.869645
1158.287300 0.913856
1160.287300 0.938007
1162.287300 0.960200
1164.287300 0.978534
1167.385300 0.996158
1169.385300 1.000000
1171.385300 0.998824
1173.385300 0.994313
1175.385300 0.988475
1177.385300 0.983100
1179.385300 0.979300
1181.385300 0.977207
1183.385300 0.975882
1185.385300 0.973428
1187.385300 0.967337
1191.359800 0.934849
1193.359800 0.905378
1195.359800 0.867277
1197.359800 0.822182
1199.359800 0.772446
1201.359800 0.720594
1203.359800 0.668879
1205.359800 0.619038
1207.359800 0.572232
1209.359800 0.529106
1211.359800 0.489900
1213.359800 0.454568
1215.359800 0.422885
1217.359800 0.394536
1219.710300 0.365017
1221.710300 0.342764
1223.710300 0.322861
1225.710300 0.305095
1227.710300 0.289302
1229.710300 0.275354
1231.710300 0.263143
1233.710300 0.252578
1235.710300 0.243582
1237.710300 0.236086
1239.710300 0.230032
1241.710300 0.225373
1243.710300 0.222067
1245.710300 0.220076
1247.710300 0.219354
1249.710300 0.219838
1251.710300 0.221430
1253.710300 0.223980
1255.710300 0.227267
1257.710300 0.230989
1259.710300 0.234769
1261.710300 0.238182
1264.834800 0.241804
1266.834800 0.242538
1268.834800 0.241834
1270.834800 0.239698
1272.844100 0.236261
1274.844100 0.231825
1276.844100 0.226722
1278.844100 0.221322
1280.844100 0.215962
1282.844100 0.210898
1284.844100 0.206265
1286.844100 0.202064
1288.844100 0.198177
1290.844100 0.194395
1292.844100 0.190473
1295.200100 0.185393
1297.200100 0.180566
1299.200100 0.175287
1301.200100 0.169696
1303.200100 0.163999
1305.200100 0.158423
1307.200100 0.153171
1309.200100 0.148399
1311.200100 0.144207
1313.200100 0.140648
1315.200100 0.137734
1317.200100 0.135447
1319.200100 0.133748
1321.200100 0.132590
1323.200100 0.131925
1325.236900 0.131719
1327.236900 0.131962
1329.236900 0.132651
1331.236900 0.133808
1333.236900 0.135459
1335.236900 0.137627
1337.236900 0.140322
1339.236900 0.143527
1341.236900 0.147205
1344.593400 0.154244
1346.593400 0.158792
1348.593400 0.163451
1350.593400 0.168074
1352.593400 0.172513
1355.420100 0.178237
1357.420100 0.181811
1359.420100 0.185004
1361.420100 0.187903
1365.085200 0.192925
1367.085200 0.195813
1369.085200 0.199020
1371.085200 0.202685
1373.085200 0.206896
1375.085200 0.211672
1377.085200 0.216959
1379.085200 0.222645
1381.085200 0.228600
1383.394200 0.235690
1385.394200 0.242010
1387.394200 0.248613
1389.394200 0.255709
1391.394200 0.263572
1394.340000 0.277156
1396.340000 0.288102
1398.340000 0.300644
1400.340000 0.314841
1402.340000 0.330594
1404.340000 0.347616
1406.340000 0.365404
1408.340000 0.383255
1410.340000 0.400331
1413.917100 0.426390
1415.917100 0.437457
1417.917100 0.445818
1420.707500 0.453591
1422.707500 0.457239
1424.707500 0.460160
1426.707500 0.463090
1428.707500 0.466581
1430.707500 0.470921
1432.707500 0.476136
1434.707500 0.482044
1437.359600 0.490508
1439.359600 0.497111
1441.359600 0.503850
1443.359600 0.510823
1446.544900 0.522806
1448.544900 0.531025
1450.544900 0.539666
1452.544900 0.548355
1454.544900 0.556456
1456.544900 0.563141
1459.685200 0.568743
1461.685200 0.568249
1463.685200 0.564363
1465.685200 0.557372
1467.820900 0.547215
1469.820900 0.536139
1471.820900 0.524586
1473.820900 0.513529
1475.820900 0.503756
1477.820900 0.495737
1479.820900 0.489531
1481.820900 0.484738
1483.820900 0.480526
1485.820900 0.475734
1487.820900 0.469076
1490.763600 0.453592
1492.763600 0.438370
1494.763600 0.419457
1496.763600 0.397568
1498.763600 0.373746
1500.763600 0.349116
1502.763600 0.324677
1504.763600 0.301189
1506.763600 0.279148
1508.763600 0.258802
1510.763600 0.240211
1512.763600 0.223297
1514.763600 0.207902
1518.014400 0.185628
1520.014400 0.173339
1522.014400 0.161968
1524.014400 0.151429
1526.014400 0.141671
1528.014400 0.132657
1530.014400 0.124356
1532.014400 0.116734
1534.014400 0.109750
1536.014400 0.103361
1538.014400 0.097518
1540.014400 0.092174
1542.014400 0.087281
1544.014400 0.082797
1546.014400 0.078679
1548.014400 0.074892
1550.014400 0.071401
1552.014400 0.068177
1554.014400 0.065193
1556.014400 0.062426
1558.014400 0.059854
1560.014400 0.057460
1562.014400 0.055226
1564.014400 0.053139
1566.014400 0.051185
1568.014400 0.049353
1570.014400 0.047631
1572.014400 0.046012
1574.014400 0.044486
1576.014400 0.043047
1578.014400 0.041687
1580.014400 0.040401
1582.014400 0.039182
1584.014400 0.038027
1586.014400 0.036929
1588.014400 0.035887
1590.014400 0.034895
1592.014400 0.033950
1594.014400 0.033049
1596.014400 0.032189
1598.014400 0.031368
1600.014400 0.030583
1602.014400 0.029832
1604.014400 0.029113
1606.014400 0.028424
1608.014400 0.027763
1610.014400 0.027129
1612.014400 0.026520
1614.014400 0.025935
1616.014400 0.025372
1618.014400 0.024830
1640.014400 0.019999
1666.414400 0.016058
1698.094400 0.012861
1736.110400 0.010280
1781.729600 0.008205
1836.472640 0.006544
1902.164288 0.005223
1980.994266 0.004182
2075.590239 0.003377
2189.105407 0.002780
2325.323608 0.002391
2470.522866 0.002270
2586.682273 0.002425
2679.609798 0.002825
2753.951819 0.003516
2813.425435 0.004598
2861.004328 0.006237
2899.067442 0.008687
2929.517934 0.012335
2953.878327 0.017752
2955.878327 0.018373
2957.878327 0.019030
2959.878327 0.019728
2961.878327 0.020469
2963.878327 0.021257
2965.878327 0.022097
2967.878327 0.022993
2969.878327 0.023949
2971.878327 0.024972
2973.878327 0.026069
2975.878327 0.027246
2977.878327 0.028512
2979.878327 0.029875
2981.878327 0.031346
2983.878327 0.032936
2985.878327 0.034660
2987.878327 0.036531
2989.878327 0.038567
2991.878327 0.040788
2993.878327 0.043216
2995.878327 0.045877
2997.878327 0.048800
2999.878327 0.052019
3001.878327 0.055572
3003.878327 0.059505
3005.878327 0.063868
3007.878327 0.068720
3009.878327 0.074125
3011.878327 0.080158
3013.878327 0.086899
3015.878327 0.094436
3017.878327 0.102859
3019.878327 0.112255
3021.878327 0.122698
3023.878327 0.134236
3025.878327 0.146867
3027.878327 0.160507
3029.878327 0.174962
3031.878327 0.189888
3033.878327 0.204769
3035.878327 0.218926
3037.878327 0.231573
3041.319900 0.247573
3043.319900 0.252583
3046.961300 0.253177
3048.961300 0.249503
3050.961300 0.243888
3052.961300 0.237191
3054.961300 0.230247
3056.961300 0.223783
3058.961300 0.218354
3060.961300 0.214338
3062.961300 0.211931
3064.961300 0.211165
3066.961300 0.211919
3068.961300 0.213930
3070.961300 0.216809
3072.961300 0.220078
3074.961300 0.223234
3078.158800 0.227013
3080.158800 0.228255
3082.158800 0.228684
3084.158800 0.228556
3086.158800 0.228205
3088.158800 0.227929
3090.158800 0.227900
3092.158800 0.228115
3094.158800 0.228415
3096.158800 0.228541
3098.513600 0.228097
3100.513600 0.227002
3102.513600 0.225198
3104.513600 0.222778
3106.573000 0.219841
3108.573000 0.216780
3110.573000 0.213696
3112.573000 0.210670
3114.573000 0.207642
3116.573000 0.204402
3118.573000 0.200620
3120.573000 0.195925
3122.753300 0.189409
3124.753300 0.182004
3126.753300 0.173317
3128.753300 0.163627
3130.753300 0.153330
3132.753300 0.142847
3134.753300 0.132552
3136.753300 0.122733
3138.753300 0.113580
3140.753300 0.105199
3142.753300 0.097631
3144.753300 0.090872
3146.753300 0.084890
3148.753300 0.079640
3150.753300 0.075072
3152.753300 0.071134
3154.753300 0.067779
3156.753300 0.064964
3158.753300 0.062650
3160.753300 0.060799
3162.753300 0.059375
3164.753300 0.058336
3166.753300 0.057629
3168.753300 0.057188
3170.753300 0.056924
3172.753300 0.056727
3174.753300 0.056466
3176.753300 0.056006
3180.209100 0.054408
3182.209100 0.052915
3184.209100 0.051018
3186.209100 0.048791
3188.209100 0.046339
3190.209100 0.043776
3192.209100 0.041205
3194.209100 0.038703
3196.209100 0.036325
3198.209100 0.034102
3200.209100 0.032048
3202.209100 0.030165
3204.209100 0.028447
3206.209100 0.026884
3208.209100 0.025461
3210.209100 0.024167
3212.209100 0.022988
3214.209100 0.021913
3216.209100 0.020929
3218.209100 0.020028
3220.209100 0.019200
3222.209100 0.018437
3224.209100 0.017733
3226.209100 0.017081
3228.209100 0.016476
3230.209100 0.015914
3232.209100 0.015390
3234.209100 0.014901
3236.209100 0.014443
3238.209100 0.014015
3240.209100 0.013612
3242.209100 0.013233
3244.209100 0.012876
3246.209100 0.012540
3248.209100 0.012222
3250.209100 0.011921
3252.209100 0.011636
3254.209100 0.011366
3256.209100 0.011110
3258.209100 0.010866
3260.209100 0.010634
3262.209100 0.010414
3264.209100 0.010204
3266.209100 0.010003
3268.209100 0.009812
3270.209100 0.009629
3272.209100 0.009455
3274.209100 0.009288
3276.209100 0.009128
3278.209100 0.008976
3280.209100 0.008829
3302.209100 0.007562
3328.609100 0.006617
3360.289100 0.005984
3398.305100 0.005688
3443.924300 0.005822
3498.667340 0.006660
3561.123132 0.008898
3611.087766 0.012613
3651.059472 0.018379
3683.036838 0.027119
3708.618730 0.040216
3710.618730 0.041645
3712.618730 0.043156
3714.618730 0.044754
3716.618730 0.046446
3718.618730 0.048240
3720.618730 0.050145
3722.618730 0.052169
3724.618730 0.054323
3726.618730 0.056619
3728.618730 0.059068
3730.618730 0.061684
3732.618730 0.064485
3734.618730 0.067486
3736.618730 0.070708
3738.618730 0.074173
3740.618730 0.077906
3742.618730 0.081934
3744.618730 0.086290
3746.618730 0.091009
3748.618730 0.096133
3750.618730 0.101707
3752.618730 0.107784
3754.618730 0.114426
3756.618730 0.121702
3758.618730 0.129690
3760.618730 0.138483
3762.618730 0.148184
3764.618730 0.158914
3766.618730 0.170807
3768.618730 0.184020
3770.618730 0.198727
3772.618730 0.215123
3774.618730 0.233421
3776.618730 0.253849
3778.618730 0.276639
3780.618730 0.302010
3782.618730 0.330143
3784.618730 0.361137
3786.618730 0.394951
3788.618730 0.431327
3790.618730 0.469706
3792.618730 0.509157
3794.618730 0.548347
3796.618730 0.585617
3798.618730 0.619176
3800.946300 0.651475
3803.781700 0.679129
3805.781700 0.691166
3807.781700 0.698407
3809.781700 0.702747
3811.781700 0.706251
3813.781700 0.710747
3815.781700 0.717533
3817.781700 0.727201
3819.781700 0.739599
3821.781700 0.753890
3823.781700 0.768718
3825.781700 0.782463
3827.913700 0.794130
3829.913700 0.800879
3831.913700 0.802578
3833.913700 0.798556
3835.913700 0.788309
3837.913700 0.771462
3840.325400 0.742213
3842.325400 0.710981
3844.325400 0.674466
3846.325400 0.634182
3848.325400 0.591904
3850.325400 0.549375
3852.325400 0.508079
3854.325400 0.469115
3856.325400 0.433193
3858.325400 0.400691
3860.325400 0.371735
3862.325400 0.346289
3864.325400 0.324217
3866.325400 0.305335
3868.325400 0.289447
3870.325400 0.276363
3872.325400 0.265907
3874.325400 0.257923
3876.325400 0.252265
3878.325400 0.248785
3880.325400 0.247313
3882.325400 0.247631
3884.325400 0.249433
3886.325400 0.252295
3888.325400 0.255644
3890.325400 0.258760
3892.325400 0.260821
3894.325400 0.261009
3897.032900 0.257135
3899.032900 0.250826
3901.032900 0.241721
3903.032900 0.230309
3905.032900 0.217287
3907.032900 0.203394
3909.032900 0.189294
3911.032900 0.175504
3913.032900 0.162380
3915.032900 0.150131
3917.032900 0.138856
3919.032900 0.128572
3921.032900 0.119249
3923.032900 0.110824
3925.032900 0.103223
3927.032900 0.096367
3929.032900 0.090177
3931.032900 0.084582
3933.032900 0.079513
3935.032900 0.074911
3937.032900 0.070723
3939.032900 0.066902
3941.032900 0.063407
3943.032900 0.060202
3945.032900 0.057255
3947.032900 0.054538
3949.032900 0.052029
3951.032900 0.049705
3953.032900 0.047549
3955.032900 0.045543
3957.032900 0.043674
3959.032900 0.041929
3961.032900 0.040296
3963.032900 0.038766
3965.032900 0.037329
3967.032900 0.035979
3969.032900 0.034707
3971.032900 0.033508
3973.032900 0.032375
3975.032900 0.031304
3977.032900 0.030290
3979.032900 0.029329
3981.032900 0.028417
3983.032900 0.027550
3985.032900 0.026725
3987.032900 0.025940
3989.032900 0.025192
3991.032900 0.024478
3993.032900 0.023797
3995.032900 0.023146
3997.032900 0.022523
4019.032900 0.017139
4045.432900 0.012985
4077.112900 0.009795
4115.128900 0.007361
4160.748100 0.005514
4215.491140 0.004123
4281.182788 0.003081

