0.000000 0.000204
1.393020 0.000288
2.507436 0.000402
3.398969 0.000552
4.112195 0.000745
4.682776 0.000988
5.139241 0.001289
5.504413 0.001655
5.796550 0.002096
6.030260 0.002624
6.217228 0.003255
6.366802 0.004020
6.486462 0.004967
6.582190 0.006174
6.658772 0.007776
6.720037 0.009988
6.725037 0.010234
6.730037 0.010494
6.735037 0.010769
6.740037 0.011060
6.745037 0.011369
6.750037 0.011697
6.755037 0.012046
6.760037 0.012418
6.765037 0.012816
6.770037 0.013241
6.775037 0.013698
6.780037 0.014188
6.785037 0.014715
6.790037 0.015285
6.795037 0.015900
6.800037 0.016567
6.805037 0.017292
6.810037 0.018081
6.815037 0.018943
6.820037 0.019887
6.825037 0.020923
6.830037 0.022063
6.835037 0.023321
6.840037 0.024713
6.845037 0.026257
6.850037 0.027975
6.855037 0.029891
6.860037 0.032031
6.865037 0.034425
6.870037 0.037107
6.875037 0.040112
6.880037 0.043475
6.885037 0.047229
6.890037 0.051400
6.895037 0.055999
6.900037 0.061011
6.905037 0.066381
6.910037 0.071999
6.915037 0.077682
6.920037 0.083164
6.925037 0.088107
6.930037 0.092132
6.935037 0.094880
6.940100 0.096097
6.945100 0.095656
6.950100 0.093684
6.955100 0.090444
6.960100 0.086301
6.965100 0.081643
6.970100 0.076816
6.975100 0.072094
6.980100 0.067673
6.985100 0.063673
6.990100 0.060161
6.995100 0.057163
7.000100 0.054681
7.005100 0.052702
7.010100 0.051204
7.015100 0.050160
7.020100 0.049538
7.025100 0.049297
7.030100 0.049389
7.035100 0.049745
7.040100 0.050280
7.045100 0.050880
7.050100 0.051416
7.055100 0.051749
7.064200 0.051449
7.069200 0.050672
7.074200 0.049473
7.079200 0.047929
7.084200 0.046150
7.089200 0.044253
7.094200 0.042345
7.099200 0.040509
7.104200 0.038800
7.109200 0.037254
7.114200 0.035888
7.119200 0.034704
7.124200 0.033699
7.129200 0.032866
7.134200 0.032194
7.139200 0.031673
7.144200 0.031293
7.149200 0.031046
7.154200 0.030924
7.159200 0.030923
7.164200 0.031037
7.169200 0.031266
7.174200 0.031608
7.179200 0.032065
7.184200 0.032639
7.189200 0.033334
7.194200 0.034155
7.199200 0.035111
7.204200 0.036207
7.209200 0.037454
7.214200 0.038858
7.219200 0.040428
7.224200 0.042166
7.229200 0.044073
7.234200 0.046141
7.239200 0.048353
7.244200 0.050685
7.249200 0.053104
7.254200 0.055581
7.262200 0.059620
7.267200 0.062208
7.272200 0.064901
7.277200 0.067776
7.282200 0.070932
7.287200 0.074476
7.292200 0.078516
7.297200 0.083154
7.302200 0.088483
7.307200 0.094588
7.312200 0.101533
7.317200 0.109359
7.322200 0.118069
7.327200 0.127598
7.332200 0.137793
7.337200 0.148375
7.342200 0.158914
7.347200 0.168824
7.352200 0.177398
7.357200 0.183892
7.365100 0.188453
7.370100 0.187296
7.375100 0.183164
7.380100 0.176563
7.385100 0.168196
7.390100 0.158806
7.395100 0.149060
7.400100 0.139481
7.405100 0.130436
7.410100 0.122153
7.415100 0.114747
7.420100 0.108261
7.425100 0.102686
7.430100 0.097988
7.435100 0.094120
7.440100 0.091032
7.445100 0.088678
7.450100 0.087017
7.455100 0.086020
7.460100 0.085666
7.465100 0.085945
7.470100 0.086855
7.475100 0.088407
7.480100 0.090618
7.485100 0.093512
7.490100 0.097116
7.495100 0.101457
7.500100 0.106549
7.505100 0.112387
7.510100 0.118925
7.515100 0.126062
7.520100 0.133610
7.525100 0.141281
7.530100 0.148678
7.535100 0.155316
7.540100 0.160681
7.548500 0.165662
7.553500 0.165905
7.558500 0.164240
7.563500 0.161044
7.568500 0.156832
7.573500 0.152152
7.578500 0.147501
7.583500 0.143283
7.588500 0.139797
7.593500 0.137245
7.598500 0.135760
7.603500 0.135425
7.608500 0.136289
7.613500 0.138378
7.618500 0.141699
7.623500 0.146235
7.628500 0.151931
7.633500 0.158672
7.638500 0.166258
7.643500 0.174374
7.648500 0.182565
7.653500 0.190241
7.658500 0.196716
7.663500 0.201302
7.670300 0.203540
7.675300 0.201932
7.680300 0.197713
7.685300 0.191343
7.690300 0.183462
7.695300 0.174746
7.700300 0.165807
7.705300 0.157124
7.710300 0.149034
7.715300 0.141746
7.720300 0.135369
7.725300 0.129945
7.730300 0.125472
7.735300 0.121924
7.740300 0.119264
7.745300 0.117458
7.750300 0.116473
7.755300 0.116286
7.760300 0.116886
7.765300 0.118272
7.770300 0.120457
7.775300 0.123465
7.780300 0.127336
7.785300 0.132121
7.790300 0.137884
7.795300 0.144699
7.800300 0.152647
7.805300 0.161809
7.810300 0.172257
7.815300 0.184039
7.820300 0.197161
7.825300 0.211559
7.830300 0.227071
7.835300 0.243413
7.840300 0.260162
7.845300 0.276757
7.852800 0.299864
7.857800 0.312966
7.862800 0.323326
7.867800 0.330254
7.876500 0.332799
7.881500 0.328720
7.886500 0.321139
7.891500 0.310904
7.896500 0.299043
7.901500 0.286587
7.906500 0.274439
7.911500 0.263299
7.916500 0.253658
7.921500 0.245820
7.926500 0.239943
7.931500 0.236072
7.936500 0.234169
7.941500 0.234119
7.946500 0.235733
7.951500 0.238743
7.956500 0.242797
7.961500 0.247473
7.966500 0.252320
7.971500 0.256926
7.976700 0.261158
7.981700 0.264614
7.986700 0.267636
7.991700 0.270594
7.996700 0.273982
8.001700 0.278320
8.006700 0.284076
8.011700 0.291605
8.016700 0.301119
8.021700 0.312662
8.026700 0.326099
8.031700 0.341108
8.036700 0.357182
8.041700 0.373665
8.051400 0.403992
8.056400 0.417325
8.061400 0.428185
8.066400 0.435932
8.071400 0.439979
8.080900 0.436014
8.085900 0.427720
8.090900 0.415753
8.095900 0.401036
8.100900 0.384666
8.105900 0.367706
8.110900 0.351007
8.115900 0.335127
8.120900 0.320319
8.125900 0.306594
8.130900 0.293813
8.136000 0.281569
8.141000 0.270222
8.146000 0.259518
8.151000 0.249562
8.156000 0.240536
8.161000 0.232651
8.166000 0.226104
8.171000 0.221056
8.176000 0.217625
8.181000 0.215888
8.186000 0.215888
8.191000 0.217637
8.196000 0.221108
8.201000 0.226228
8.206000 0.232852
8.211000 0.240738
8.216000 0.249519
8.221000 0.258692
8.226000 0.267624
8.231000 0.275608
8.239000 0.284719
8.244000 0.287317
8.249000 0.287217
8.254000 0.284429
8.261400 0.275901
8.266400 0.267785
8.271400 0.258419
8.276400 0.248421
8.281400 0.238396
8.286400 0.228872
8.291400 0.220265
8.296400 0.212864
8.301400 0.206838
8.306400 0.202245
8.311400 0.199048
8.316400 0.197119
8.321400 0.196243
8.326400 0.196124
8.331400 0.196393
8.336400 0.196649
8.341400 0.196513
8.346800 0.195600
8.351800 0.193918
8.356800 0.191501
8.361800 0.188582
8.366800 0.185493
8.371800 0.182591
8.376800 0.180204
8.381800 0.178589
8.386800 0.177925
8.391800 0.178317
8.396800 0.179798
8.401800 0.182348
8.406800 0.185901
8.411800 0.190367
8.420800 0.200398
8.425800 0.206930
8.430800 0.214059
8.435800 0.221700
8.440800 0.229716
8.445800 0.237887
8.453000 0.249259
8.458000 0.256274
8.463000 0.261994
8.468000 0.265927
8.476000 0.267611
8.481000 0.265610
8.486000 0.261490
8.491000 0.255696
8.496000 0.248785
8.501000 0.241312
8.506000 0.233753
8.512400 0.224538
8.517400 0.218037
8.522400 0.212378
8.527400 0.207728
8.532400 0.204212
8.537400 0.201906
8.542400 0.200813
8.547400 0.200854
8.552400 0.201848
8.557400 0.203510
8.562400 0.205466
8.567400 0.207285
8.572400 0.208548
8.578000 0.208903
8.583000 0.208102
8.588000 0.206296
8.593000 0.203696
8.598000 0.200607
8.607800 0.194255
8.612800 0.191252
8.617800 0.188504
8.622800 0.185969
8.627800 0.183554
8.635100 0.180050
8.640100 0.177616
8.645100 0.175214
8.650100 0.172986
8.655100 0.171112
8.660100 0.169781
8.665100 0.169152
8.670100 0.169332
8.675100 0.170359
8.680100 0.172204
8.685100 0.174761
8.690100 0.177859
8.695100 0.181273
8.700100 0.184759
8.708700 0.190327
8.713700 0.193144
8.718700 0.195688
8.723700 0.198096
8.728700 0.200533
8.733700 0.203128
8.738700 0.205919
8.743700 0.208832
8.748700 0.211690
8.753700 0.214264
8.761100 0.217126
8.766100 0.218303
8.771100 0.218963
8.776100 0.219338
8.781100 0.219727
8.786100 0.220433
8.791100 0.221696
8.796100 0.223674
8.801100 0.226435
8.806100 0.229988
8.814500 0.237724
8.819500 0.243444
8.824500 0.250134
8.829500 0.257979
8.834500 0.267185
8.839500 0.277931
8.844500 0.290325
8.849500 0.304351
8.854500 0.319832
8.859500 0.336409
8.864500 0.353535
8.869500 0.370526
8.874500 0.386662
8.881800 0.407459
8.886800 0.419387
8.891800 0.429485
8.896800 0.438051
8.901800 0.445421
8.906800 0.451785
8.911800 0.457071
8.916800 0.460946
8.925500 0.462909
8.930500 0.460637
8.935500 0.455771
8.945500 0.439645
8.950500 0.429666
8.955500 0.419473
8.960500 0.409876
8.965500 0.401590
8.970500 0.395172
8.975500 0.390970
8.980500 0.389105
8.985500 0.389466
8.990500 0.391717
8.995500 0.395339
9.000500 0.399691
9.005500 0.404112
9.010800 0.408249
9.015800 0.411249
9.020800 0.413227
9.025800 0.414206
9.030800 0.414272
9.035800 0.413483
9.043600 0.410505
9.048600 0.407408
9.053600 0.403402
9.058900 0.398332
9.063900 0.393077
9.068900 0.387763
9.073900 0.382810
9.078900 0.378574
9.083900 0.375279
9.088900 0.372975
9.093900 0.371549
9.102100 0.370461
9.107100 0.370078
9.112100 0.369560
9.117100 0.368681
9.127000 0.365399
9.132000 0.363001
9.137000 0.360341
9.142000 0.357714
9.147000 0.355452
9.152000 0.353854
9.158500 0.353141
9.163500 0.353804
9.168500 0.355545
9.173500 0.358270
9.178500 0.361773
9.183500 0.365754
9.188500 0.369865
9.195600 0.375318
9.200600 0.378641
9.205600 0.381526
9.210600 0.384089
9.215600 0.386474
9.220600 0.388767
9.225600 0.390964
9.230600 0.392995
9.236500 0.395113
9.241500 0.396753
9.246500 0.398517
9.251500 0.400827
9.256500 0.404202
9.261500 0.409181
9.266500 0.416253
9.271500 0.425817
9.276500 0.438169
9.281500 0.453511
9.286500 0.471970
9.291500 0.493620
9.296600 0.519030
9.302600 0.553219
9.307600 0.585155
9.312600 0.619975
9.317600 0.657224
9.322600 0.696197
9.327600 0.735962
9.332600 0.775479
9.338400 0.819697
9.343400 0.855502
9.348400 0.888521
9.353400 0.918209
9.358400 0.943890
9.368100 0.978653
9.373100 0.986621
9.382400 0.979873
9.387400 0.964559
9.392400 0.942072
9.397400 0.913874
9.403500 0.874332
9.408500 0.839938
9.413500 0.805673
9.418500 0.773112
9.428300 0.718939
9.433300 0.697861
9.438300 0.681809
9.443300 0.670862
9.448300 0.664817
9.453300 0.663183
9.458300 0.665189
9.463300 0.669806
9.468300 0.675828
9.473300 0.682028
9.480500 0.689274
9.485500 0.692422
9.490500 0.694124
9.495500 0.694980
9.505300 0.697483
9.510300 0.700686
9.515300 0.705785
9.520300 0.712823
9.525300 0.721567
9.530300 0.731642
9.536100 0.744558
9.541100 0.756609
9.546100 0.769678
9.551100 0.784164
9.556100 0.800556
9.564200 0.832143
9.569200 0.854902
9.574200 0.879747
9.579200 0.905807
9.584200 0.931733
9.589200 0.955784
9.595500 0.980493
9.600500 0.993614
9.608900 1.000000
9.613900 0.994661
9.618900 0.983778
9.623900 0.968995
9.628900 0.952087
9.636700 0.925171
9.641700 0.909308
9.646700 0.895285
9.651700 0.883194
9.656700 0.872640
9.661700 0.862793
9.669700 0.845597
9.674700 0.832017
9.679700 0.815040
9.687100 0.782650
9.692100 0.756021
9.697100 0.726354
9.702100 0.694727
9.710600 0.639910
9.715600 0.608930
9.720600 0.579999
9.725600 0.553734
9.730600 0.530493
9.735600 0.510389
9.741100 0.491756
9.746100 0.477636
9.751100 0.465719
9.756100 0.455465
9.762900 0.443249
9.767900 0.434992
9.772900 0.427060
9.777900 0.419351
9.784500 0.409533
9.789500 0.402461
9.794500 0.395828
9.799500 0.389775
9.804800 0.384188
9.809800 0.379935
9.814800 0.376938
9.819800 0.375470
9.824800 0.375763
9.829800 0.377953
9.834800 0.382028
9.839800 0.387793
9.848700 0.400845
9.853700 0.408505
9.858700 0.415208
9.863700 0.419846
9.868700 0.421326
9.874000 0.418454
9.879000 0.411033
9.888000 0.386495
9.893000 0.367823
9.898000 0.346815
9.903000 0.324554
9.908000 0.302009
9.913000 0.279958
9.918000 0.258949
9.923000 0.239323
9.928000 0.221247
9.933000 0.204765
9.938000 0.189834
9.943000 0.176363
9.948000 0.164233
9.953000 0.153317
9.958000 0.143489
9.963000 0.134629
9.968000 0.126626
9.973000 0.119383
9.978000 0.112810
9.983000 0.106831
9.988000 0.101378
9.993000 0.096390
9.998000 0.091816
10.003000 0.087611
10.008000 0.083734
10.013000 0.080153
10.018000 0.076835
10.023000 0.073755
10.028000 0.070889
10.033000 0.068217
10.038000 0.065721
10.043000 0.063384
10.048000 0.061192
10.053000 0.059133
10.058000 0.057195
10.063000 0.055369
10.068000 0.053644
10.073000 0.052014
10.078000 0.050470
10.083000 0.049007
10.088000 0.047618
10.093000 0.046298
10.098000 0.045041
10.103000 0.043844
10.108000 0.042703
10.113000 0.041613
10.118000 0.040572
10.123000 0.039576
10.128000 0.038623
10.133000 0.037709
10.138000 0.036833
10.193000 0.029137
10.259000 0.022995
10.338200 0.018082
10.433240 0.014154
10.547288 0.011020
10.684146 0.008529
10.848375 0.006560

