glicose = [[0.000000,0.000000, 0.000000], [2.645878,0.000000,0.000000], [3.637826,86.880439,0.000000], [2.800388,100.116517,67.699753],[2.283407,77.493504,304.882601],[2.866712,116.697291,65.644982],[1.378438,65.616382,342.680887], [1.429930,64.381175,353.567650],[1.421203,26.691086,121.831577],[1.440026, 87.698941, 289.978378], [1.430577,150.641048,55.420282],[1.432190,77.121429,318.163448],[0.978484,41.605344,183.624174],[0.975792,120.065707,88.503573],[0.974539,133.818473,95.568240],[0.975722,76.720346,36.279785],[0.970149,139.722236,62.115980],[1.093876,107.813348,141.808660 ],[1.094985,106.869403,264.459081],[1.100767,110.464818,102.330729],[ 1.094998,107.288487,214.273988],[1.098932,104.183638,192.871806],[1.097588,111.123912,193.475156],[1.088180,104.839236,309.942628 ] ]

glucose = [[0.000000,0.000000, 0.000000], [2.645878,0.000000,0.000000], [3.637826,86.880439,0.000000], [2.800388,100.116517,67.699753],[2.283407,77.493504,304.882601],[2.866712,116.697291,65.644982],[1.378438,65.616382,342.680887], [1.429930,64.381175,353.567650],[1.421203,26.691086,121.831577],[1.440026, 87.698941, 289.978378], [1.430577,150.641048,55.420282],[1.432190,77.121429,318.163448],[0.978484,41.605344,183.624174],[0.975792,120.065707,88.503573],[0.974539,133.818473,95.568240],[0.975722,76.720346,36.279785],[0.970149,139.722236,62.115980],[1.093876,107.813348,141.808660 ],[1.094985,106.869403,264.459081],[1.100767,110.464818,102.330729],[ 1.094998,107.288487,214.273988],[1.098932,104.183638,192.871806],[1.097588,111.123912,193.475156],[1.088180,104.839236,309.942628 ],[1.2222,12.839236,32.942628 ] ]


i = 0
glicose.map(x => {
    glucose.map(f => {
        _.intersection(x, f).length == x.length ? i++ : '';        
    })

})

console.log(i,' elementos de glicose está presente em glucose.')
