0.000000 0.005023
2.000000 0.005080
4.000000 0.005138
6.000000 0.005198
8.000000 0.005259
10.000000 0.005323
12.000000 0.005388
14.000000 0.005455
16.000000 0.005525
18.000000 0.005597
20.000000 0.005671
22.000000 0.005747
24.000000 0.005827
26.000000 0.005910
28.000000 0.005995
30.000000 0.006085
32.000000 0.006178
34.000000 0.006275
36.000000 0.006376
38.000000 0.006483
40.000000 0.006595
42.000000 0.006712
44.000000 0.006836
46.000000 0.006967
48.000000 0.007106
50.000000 0.007254
52.000000 0.007412
54.000000 0.007580
56.000000 0.007760
58.000000 0.007953
60.000000 0.008162
62.000000 0.008386
64.000000 0.008628
66.000000 0.008890
68.000000 0.009171
70.000000 0.009473
72.000000 0.009794
74.000000 0.010134
76.000000 0.010487
78.000000 0.010850
80.000000 0.011215
82.000000 0.011575
85.222600 0.012134
87.222600 0.012466
89.222600 0.012794
91.222600 0.013128
93.222600 0.013480
95.222600 0.013862
97.222600 0.014287
99.222600 0.014762
101.222600 0.015289
103.222600 0.015868
105.222600 0.016487
107.222600 0.017132
109.222600 0.017777
111.222600 0.018392
113.222600 0.018947
116.319500 0.019631
118.319500 0.019942
120.319500 0.020160
122.319500 0.020307
124.319500 0.020413
126.319500 0.020506
128.319500 0.020606
130.319500 0.020722
132.319500 0.020852
134.319500 0.020984
136.319500 0.021100
138.876300 0.021200
140.876300 0.021231
142.876300 0.021221
144.876300 0.021181
146.876300 0.021124
148.876300 0.021062
150.876300 0.021000
152.876300 0.020937
154.876300 0.020866
157.722400 0.020737
159.722400 0.020623
161.722400 0.020492
163.722400 0.020358
165.722400 0.020233
167.722400 0.020135
169.722400 0.020076
171.722400 0.020069
173.722400 0.020119
175.722400 0.020231
177.722400 0.020404
179.722400 0.020635
181.722400 0.020918
183.722400 0.021242
185.722400 0.021594
187.722400 0.021959
189.722400 0.022323
192.668800 0.022830
194.668800 0.023147
196.668800 0.023446
198.668800 0.023738
200.668800 0.024037
202.668800 0.024360
204.668800 0.024722
206.668800 0.025137
208.668800 0.025614
210.668800 0.026162
212.668800 0.026789
214.668800 0.027501
216.668800 0.028304
218.668800 0.029205
220.668800 0.030212
222.668800 0.031335
224.668800 0.032583
226.668800 0.033968
228.668800 0.035503
230.668800 0.037203
232.668800 0.039083
234.668800 0.041158
236.668800 0.043442
238.668800 0.045946
240.668800 0.048675
242.668800 0.051628
244.668800 0.054792
246.668800 0.058146
248.668800 0.061658
250.668800 0.065298
253.067900 0.069794
255.067900 0.073627
257.067900 0.077522
259.067900 0.081458
261.067900 0.085385
263.067900 0.089215
265.067900 0.092816
267.067900 0.096031
270.148100 0.099885
272.148100 0.101537
274.148100 0.102520
277.164700 0.102968
279.164700 0.102837
281.164700 0.102614
283.164700 0.102513
285.164700 0.102729
287.164700 0.103427
289.164700 0.104737
291.164700 0.106755
293.164700 0.109545
295.164700 0.113140
297.164700 0.117546
299.164700 0.122733
301.164700 0.128635
303.164700 0.135151
305.164700 0.142147
307.164700 0.149481
310.860300 0.163552
312.860300 0.171392
314.860300 0.179478
316.860300 0.187938
318.860300 0.196892
320.860300 0.206372
322.860300 0.216261
324.860300 0.226257
326.860300 0.235868
328.860300 0.244464
330.860300 0.251385
333.148700 0.256544
335.148700 0.258285
337.148700 0.257419
339.148700 0.254158
341.148700 0.248845
343.148700 0.241844
346.378300 0.227817
348.378300 0.217931
350.378300 0.207516
352.378300 0.196918
354.378300 0.186486
356.378300 0.176529
358.378300 0.167296
360.378300 0.158954
362.378300 0.151603
364.378300 0.145281
366.378300 0.139986
368.378300 0.135691
370.378300 0.132353
372.378300 0.129927
374.378300 0.128369
376.378300 0.127640
378.378300 0.127704
380.378300 0.128531
382.378300 0.130093
384.378300 0.132364
386.378300 0.135314
388.378300 0.138912
390.378300 0.143128
392.378300 0.147937
395.684100 0.157186
397.684100 0.163624
399.684100 0.170793
401.684100 0.178806
403.684100 0.187790
405.684100 0.197863
407.684100 0.209115
409.684100 0.221583
411.684100 0.235239
413.684100 0.249973
415.684100 0.265602
417.684100 0.281888
419.684100 0.298583
422.104700 0.319062
424.104700 0.336102
426.104700 0.353273
428.104700 0.370650
430.104700 0.388292
432.104700 0.406176
434.104700 0.424200
437.924900 0.458678
439.924900 0.476877
441.924900 0.495582
443.924900 0.515285
445.924900 0.536462
447.924900 0.559379
449.924900 0.583932
451.924900 0.609554
453.924900 0.635220
455.924900 0.659574
459.405200 0.694592
461.405200 0.708560
463.405200 0.717335
465.405200 0.720992
468.273100 0.718435
470.273100 0.712450
472.273100 0.704166
474.273100 0.694463
476.273100 0.683880
478.273100 0.672450
480.273100 0.659681
482.273100 0.644690
485.367400 0.614908
489.009700 0.567488
491.009700 0.536410
493.009700 0.503050
495.009700 0.468708
497.009700 0.434626
499.009700 0.401823
501.009700 0.371027
503.009700 0.342680
505.009700 0.316990
507.009700 0.293993
509.009700 0.273616
511.009700 0.255719
513.009700 0.240132
515.009700 0.226674
517.009700 0.215165
519.009700 0.205433
521.009700 0.197309
523.009700 0.190623
525.009700 0.185196
527.009700 0.180834
529.009700 0.177324
531.009700 0.174444
533.009700 0.171975
536.189900 0.168480
538.189900 0.166423
540.189900 0.164498
542.189900 0.162818
544.189900 0.161531
546.189900 0.160785
548.189900 0.160681
550.189900 0.161240
552.189900 0.162384
554.189900 0.163918
556.189900 0.165529
558.189900 0.166802
560.189900 0.167274
564.001500 0.164479
566.001500 0.160647
568.001500 0.155235
570.001500 0.148524
572.001500 0.140915
574.001500 0.132835
576.001500 0.124664
578.001500 0.116702
580.001500 0.109154
582.001500 0.102139
584.001500 0.095717
586.001500 0.089897
588.001500 0.084662
590.001500 0.079980
592.001500 0.075809
594.001500 0.072105
596.001500 0.068828
598.001500 0.065938
600.001500 0.063400
602.001500 0.061184
604.001500 0.059261
606.001500 0.057605
608.001500 0.056193
610.001500 0.054996
612.001500 0.053986
614.001500 0.053128
616.001500 0.052380
618.001500 0.051694
620.001500 0.051019
622.001500 0.050311
624.019500 0.049524
626.019500 0.048658
628.019500 0.047711
630.019500 0.046706
632.019500 0.045678
634.019500 0.044666
636.019500 0.043705
638.019500 0.042821
640.019500 0.042033
642.019500 0.041355
644.019500 0.040794
646.019500 0.040352
648.019500 0.040030
650.019500 0.039831
652.019500 0.039755
654.019500 0.039802
656.019500 0.039976
658.019500 0.040282
660.019500 0.040724
662.019500 0.041311
664.019500 0.042054
666.019500 0.042963
668.019500 0.044056
670.019500 0.045350
672.019500 0.046868
674.019500 0.048634
676.019500 0.050679
678.019500 0.053037
680.019500 0.055746
682.019500 0.058849
684.019500 0.062393
686.019500 0.066423
688.019500 0.070984
690.019500 0.076113
692.019500 0.081828
694.019500 0.088115
696.019500 0.094910
698.019500 0.102076
700.019500 0.109382
702.019500 0.116484
704.019500 0.122933
706.019500 0.128212
708.019500 0.131814
710.442800 0.133378
712.442800 0.132172
714.442800 0.128834
716.442800 0.123722
718.442800 0.117328
720.442800 0.110176
722.442800 0.102734
724.442800 0.095368
726.442800 0.088334
728.442800 0.081786
730.442800 0.075803
732.442800 0.070407
734.442800 0.065585
736.442800 0.061305
738.442800 0.057523
740.442800 0.054194
742.442800 0.051271
744.442800 0.048711
746.442800 0.046477
748.442800 0.044532
750.442800 0.042849
752.442800 0.041401
754.442800 0.040167
756.442800 0.039130
758.442800 0.038276
760.442800 0.037594
762.442800 0.037077
764.442800 0.036718
766.442800 0.036516
768.442800 0.036471
770.442800 0.036586
772.442800 0.036865
774.442800 0.037315
776.442800 0.037945
778.442800 0.038764
780.442800 0.039782
782.442800 0.041006
784.442800 0.042438
786.442800 0.044071
788.442800 0.045884
790.442800 0.047834
792.442800 0.049849
794.442800 0.051826
796.442800 0.053630
798.442800 0.055108
800.442800 0.056108
802.810500 0.056519
804.810500 0.056161
806.810500 0.055194
808.810500 0.053723
810.810500 0.051893
812.810500 0.049860
814.810500 0.047762
816.810500 0.045708
818.810500 0.043773
820.810500 0.042003
822.810500 0.040423
824.810500 0.039041
826.810500 0.037853
828.810500 0.036851
830.810500 0.036025
832.810500 0.035361
834.810500 0.034849
836.810500 0.034479
838.810500 0.034241
840.810500 0.034129
842.810500 0.034137
844.810500 0.034261
846.810500 0.034501
848.810500 0.034856
850.810500 0.035328
852.810500 0.035921
854.810500 0.036641
856.810500 0.037494
858.810500 0.038491
860.810500 0.039644
862.810500 0.040968
864.810500 0.042480
866.810500 0.044201
868.810500 0.046154
870.810500 0.048368
872.810500 0.050872
874.810500 0.053702
876.810500 0.056893
878.810500 0.060481
880.810500 0.064501
882.810500 0.068980
884.810500 0.073929
886.810500 0.079335
888.810500 0.085146
890.810500 0.091258
892.810500 0.097505
894.810500 0.103654
896.810500 0.109423
898.810500 0.114512
901.578900 0.119963
903.578900 0.122540
905.578900 0.123938
907.578900 0.124220
909.578900 0.123490
911.578900 0.121847
915.530200 0.116227
917.530200 0.112356
919.530200 0.107975
921.530200 0.103275
923.530200 0.098469
925.530200 0.093760
927.530200 0.089321
929.530200 0.085282
931.530200 0.081725
933.530200 0.078699
935.530200 0.076223
937.530200 0.074301
939.530200 0.072926
941.530200 0.072088
943.530200 0.071774
945.530200 0.071973
947.530200 0.072669
949.530200 0.073845
951.530200 0.075470
953.530200 0.077494
955.530200 0.079839
957.530200 0.082387
959.530200 0.084971
961.530200 0.087383
963.530200 0.089382
965.530200 0.090734
967.988900 0.091245
969.988900 0.090633
971.988900 0.089149
973.988900 0.086945
975.988900 0.084238
977.988900 0.081255
979.988900 0.078202
981.988900 0.075238
983.988900 0.072476
985.988900 0.069984
987.988900 0.067794
989.988900 0.065918
991.988900 0.064348
993.988900 0.063073
995.988900 0.062072
997.988900 0.061327
999.988900 0.060819
1001.988900 0.060532
1003.988900 0.060449
1005.988900 0.060559
1007.988900 0.060851
1009.988900 0.061318
1011.988900 0.061954
1013.988900 0.062757
1015.988900 0.063724
1017.988900 0.064857
1019.988900 0.066159
1021.988900 0.067635
1023.988900 0.069291
1025.988900 0.071138
1027.988900 0.073186
1029.988900 0.075450
1031.988900 0.077945
1033.988900 0.080692
1035.988900 0.083713
1037.988900 0.087033
1039.988900 0.090680
1041.988900 0.094685
1043.988900 0.099081
1045.988900 0.103900
1047.988900 0.109177
1049.988900 0.114937
1051.988900 0.121199
1053.988900 0.127971
1055.988900 0.135239
1057.988900 0.142973
1059.988900 0.151121
1061.988900 0.159618
1064.135300 0.169046
1066.135300 0.178046
1068.135300 0.187192
1070.135300 0.196442
1072.135300 0.205783
1074.895000 0.218900
1076.895000 0.228740
1078.895000 0.239111
1080.895000 0.250320
1082.895000 0.262712
1084.895000 0.276637
1086.895000 0.292404
1088.895000 0.310255
1090.895000 0.330330
1092.895000 0.352641
1094.895000 0.377041
1096.895000 0.403192
1098.895000 0.430553
1100.895000 0.458386
1104.407700 0.505654
1106.407700 0.529935
1108.407700 0.551108
1110.407700 0.568381
1113.736200 0.587297
1115.736200 0.592885
1117.736200 0.594933
1119.736200 0.594534
1121.736200 0.592904
1123.736200 0.591121
1125.736200 0.589949
1127.736200 0.589774
1129.736200 0.590670
1132.806600 0.593947
1134.806600 0.597299
1136.806600 0.601857
1138.806600 0.608077
1142.654000 0.627017
1144.654000 0.641737
1146.654000 0.660511
1148.654000 0.683661
1150.654000 0.711231
1152.654000 0.742906
1154.654000 0.777962
1156.654000 0.815266
1158.654000 0.853349
1161.706700 0.909137
1163.706700 0.941537
1165.706700 0.968601
1167.706700 0.988621
1169.706700 1.000000
1173.243500 0.995457
1175.243500 0.978534
1177.243500 0.952439
1179.243500 0.919155
1181.243500 0.881061
1183.243500 0.840429
1185.243500 0.799081
1187.243500 0.758254
1190.019900 0.703766
1192.019900 0.666627
1194.019900 0.631577
1196.019900 0.598880
1198.019900 0.568755
1200.019900 0.541318
1202.019900 0.516536
1204.019900 0.494228
1206.019900 0.474123
1208.092900 0.455313
1210.092900 0.438921
1212.092900 0.424177
1214.092900 0.411118
1216.092900 0.399831
1218.092900 0.390379
1220.092900 0.382742
1222.092900 0.376778
1224.092900 0.372236
1226.092900 0.368801
1229.575100 0.364612
1231.575100 0.362987
1233.575100 0.362001
1235.575100 0.361879
1237.575100 0.362907
1239.575100 0.365330
1241.575100 0.369253
1243.575100 0.374579
1245.575100 0.380976
1247.575100 0.387880
1249.575100 0.394558
1253.410400 0.403859
1255.410400 0.405618
1257.410400 0.404719
1259.410400 0.401032
1262.740800 0.388959
1264.740800 0.378582
1268.578300 0.353975
1270.578300 0.339746
1272.578300 0.325282
1274.578300 0.311059
1276.578300 0.297435
1278.578300 0.284630
1280.578300 0.272747
1283.129300 0.258968
1285.129300 0.249246
1287.129300 0.240491
1289.129300 0.232741
1291.129300 0.226042
1293.129300 0.220412
1295.129300 0.215822
1297.129300 0.212175
1299.129300 0.209299
1301.129300 0.206963
1303.129300 0.204911
1306.644100 0.201313
1308.644100 0.199066
1310.644100 0.196707
1312.644100 0.194400
1314.644100 0.192384
1316.644100 0.190920
1318.644100 0.190258
1320.644100 0.190614
1322.644100 0.192160
1324.644100 0.195028
1326.644100 0.199314
1328.644100 0.205073
1330.644100 0.212319
1332.644100 0.220998
1334.644100 0.230975
1336.644100 0.241995
1338.644100 0.253661
1340.644100 0.265430
1342.644100 0.276637
1344.644100 0.286587
1347.868700 0.298534
1349.868700 0.302973
1351.868700 0.305258
1353.868700 0.305800
1355.868700 0.305125
1357.868700 0.303710
1359.868700 0.301857
1361.868700 0.299657
1363.868700 0.297021
1366.418400 0.292748
1368.418400 0.288484
1370.418400 0.283343
1372.418400 0.277361
1374.418400 0.270636
1376.804600 0.261832
1379.431400 0.251491
1381.431400 0.243455
1383.431400 0.235582
1385.431400 0.228173
1387.431400 0.221526
1389.431400 0.215895
1391.431400 0.211465
1393.431400 0.208340
1395.431400 0.206544
1397.431400 0.206026
1399.431400 0.206673
1401.431400 0.208336
1403.431400 0.210856
1406.139200 0.215411
1408.139200 0.219543
1410.139200 0.224344
1412.139200 0.229877
1414.139200 0.236195
1416.139200 0.243290
1418.139200 0.251050
1420.139200 0.259245
1423.964900 0.274834
1425.964900 0.282141
1427.964900 0.288340
1429.964900 0.293126
1432.141600 0.296551
1434.141600 0.298091
1436.141600 0.298298
1438.141600 0.297484
1440.141600 0.295979
1442.141600 0.294058
1444.141600 0.291913
1446.448200 0.289335
1448.448200 0.287138
1450.448200 0.285102
1452.448200 0.283331
1454.448200 0.281847
1456.448200 0.280527
1458.448200 0.279064
1460.448200 0.276987
1463.590900 0.271140
1465.590900 0.265038
1467.822600 0.255693
1469.822600 0.245142
1471.822600 0.232913
1473.822600 0.219549
1475.822600 0.205656
1477.822600 0.191792
1479.822600 0.178402
1481.822600 0.165795
1483.822600 0.154145
1485.822600 0.143514
1487.822600 0.133881
1489.822600 0.125169
1491.822600 0.117273
1494.537300 0.107662
1496.537300 0.101264
1498.537300 0.095362
1500.537300 0.089901
1502.537300 0.084842
1504.537300 0.080152
1506.537300 0.075798
1508.537300 0.071747
1510.571600 0.067903
1512.571600 0.064369
1514.571600 0.061056
1516.571600 0.057951
1518.571600 0.055047
1520.571600 0.052336
1522.571600 0.049813
1524.571600 0.047470
1526.571600 0.045298
1528.571600 0.043286
1530.571600 0.041422
1532.571600 0.039695
1534.571600 0.038092
1536.571600 0.036603
1538.571600 0.035218
1540.571600 0.033926
1542.571600 0.032720
1544.571600 0.031591
1546.571600 0.030533
1548.571600 0.029539
1550.571600 0.028605
1552.571600 0.027724
1554.571600 0.026893
1556.571600 0.026107
1558.571600 0.025363
1560.571600 0.024658
1562.571600 0.023989
1564.571600 0.023353
1566.571600 0.022747
1568.571600 0.022171
1570.571600 0.021621
1572.571600 0.021095
1574.571600 0.020593
1576.571600 0.020113
1578.571600 0.019653
1580.571600 0.019213
1582.571600 0.018790
1584.571600 0.018384
1586.571600 0.017994
1588.571600 0.017619
1590.571600 0.017258
1592.571600 0.016911
1594.571600 0.016576
1596.571600 0.016253
1598.571600 0.015942
1600.571600 0.015641
1602.571600 0.015351
1604.571600 0.015070
1606.571600 0.014798
1608.571600 0.014536
1610.571600 0.014281
1632.571600 0.011941
1658.971600 0.009921
1690.651600 0.008191
1728.667600 0.006722
1774.286800 0.005486
1829.029840 0.004456
1894.721488 0.003607
1973.551466 0.002919
2068.147439 0.002376
2181.662607 0.001969
2317.880808 0.001707
2455.276646 0.001644
2565.193317 0.001774
2653.126654 0.002087
2723.473323 0.002618
2779.750658 0.003440
2824.772527 0.004665
2860.790021 0.006460
2889.604017 0.009059
2912.655214 0.012792
2914.655214 0.013236
2916.655214 0.013707
2918.655214 0.014205
2920.655214 0.014735
2922.655214 0.015298
2924.655214 0.015897
2926.655214 0.016536
2928.655214 0.017218
2930.655214 0.017947
2932.655214 0.018728
2934.655214 0.019567
2936.655214 0.020468
2938.655214 0.021438
2940.655214 0.022485
2942.655214 0.023617
2944.655214 0.024843
2946.655214 0.026175
2948.655214 0.027624
2950.655214 0.029205
2952.655214 0.030934
2954.655214 0.032828
2956.655214 0.034910
2958.655214 0.037202
2960.655214 0.039732
2962.655214 0.042531
2964.655214 0.045634
2966.655214 0.049078
2968.655214 0.052905
2970.655214 0.057158
2972.655214 0.061881
2974.655214 0.067112
2976.655214 0.072883
2978.655214 0.079202
2980.655214 0.086050
2982.655214 0.093363
2984.655214 0.101017
2986.655214 0.108822
2988.655214 0.116524
2990.655214 0.123832
2992.655214 0.130473
2994.860000 0.136788
2996.860000 0.141548
2998.860000 0.145500
3000.860000 0.148886
3002.860000 0.152011
3004.860000 0.155171
3006.860000 0.158595
3008.860000 0.162418
3012.211300 0.169795
3014.211300 0.174697
3016.211300 0.179851
3018.211300 0.185133
3022.063800 0.195215
3024.063800 0.200190
3026.063800 0.204848
3028.063800 0.209039
3030.063800 0.212541
3032.063800 0.215042
3034.063800 0.216194
3036.920200 0.214942
3038.920200 0.211920
3040.920200 0.207347
3042.920200 0.201658
3044.920200 0.195420
3046.920200 0.189215
3048.920200 0.183548
3050.920200 0.178789
3052.920200 0.175149
3054.920200 0.172673
3056.920200 0.171248
3058.920200 0.170607
3060.920200 0.170352
3062.920200 0.169985
3066.648300 0.167216
3069.408300 0.162160
3071.408300 0.156653
3073.408300 0.149771
3075.408300 0.141859
3077.408300 0.133346
3079.408300 0.124657
3081.408300 0.116155
3083.408300 0.108108
3085.408300 0.100694
3087.408300 0.094011
3089.408300 0.088102
3091.408300 0.082970
3093.408300 0.078595
3095.408300 0.074948
3097.408300 0.071992
3099.408300 0.069690
3101.408300 0.068003
3103.408300 0.066890
3105.408300 0.066303
3107.408300 0.066178
3109.408300 0.066427
3111.408300 0.066934
3113.408300 0.067544
3115.408300 0.068066
3117.408300 0.068295
3119.408300 0.068030
3121.590300 0.067003
3123.590300 0.065317
3125.590300 0.062953
3127.590300 0.060031
3129.590300 0.056721
3131.590300 0.053204
3133.590300 0.049643
3135.590300 0.046165
3137.590300 0.042857
3139.590300 0.039769
3141.590300 0.036926
3143.590300 0.034332
3145.590300 0.031978
3147.590300 0.029849
3149.590300 0.027926
3151.590300 0.026189
3153.590300 0.024619
3155.590300 0.023199
3157.590300 0.021910
3159.590300 0.020738
3161.590300 0.019671
3163.590300 0.018695
3165.590300 0.017802
3167.590300 0.016982
3169.590300 0.016226
3171.590300 0.015529
3173.590300 0.014885
3175.590300 0.014287
3177.590300 0.013731
3179.590300 0.013214
3181.590300 0.012731
3183.590300 0.012280
3185.590300 0.011858
3187.590300 0.011462
3189.590300 0.011089
3191.590300 0.010739
3193.590300 0.010409
3195.590300 0.010097
3197.590300 0.009802
3199.590300 0.009524
3201.590300 0.009260
3203.590300 0.009009
3205.590300 0.008771
3207.590300 0.008545
3209.590300 0.008330
3211.590300 0.008125
3213.590300 0.007930
3215.590300 0.007743
3217.590300 0.007565
3219.590300 0.007395
3221.590300 0.007233
3243.590300 0.005828
3269.990300 0.004758
3301.670300 0.003965
3339.686300 0.003413
3385.305500 0.003090
3440.048540 0.003025
3505.740188 0.003347
3574.715470 0.004311
3629.895696 0.005968
3674.039877 0.008563
3709.355222 0.012505
3737.607497 0.018409
3760.209318 0.027172
3762.209318 0.028254
3764.209318 0.029404
3766.209318 0.030630
3768.209318 0.031937
3770.209318 0.033333
3772.209318 0.034826
3774.209318 0.036426
3776.209318 0.038143
3778.209318 0.039989
3780.209318 0.041977
3782.209318 0.044121
3784.209318 0.046439
3786.209318 0.048949
3788.209318 0.051674
3790.209318 0.054637
3792.209318 0.057866
3794.209318 0.061395
3796.209318 0.065259
3798.209318 0.069501
3800.209318 0.074168
3802.209318 0.079316
3804.209318 0.085008
3806.209318 0.091317
3808.209318 0.098323
3810.209318 0.106119
3812.209318 0.114808
3814.209318 0.124501
3816.209318 0.135318
3818.209318 0.147379
3820.209318 0.160797
3822.209318 0.175664
3824.209318 0.192027
3826.209318 0.209858
3828.209318 0.229020
3830.209318 0.249221
3832.209318 0.269994
3834.209318 0.290689
3836.209318 0.310528
3838.209318 0.328704
3840.616600 0.347424
3842.616600 0.359866
3844.616600 0.369372
3846.616600 0.376066
3848.616600 0.380158
3850.616600 0.381839
3854.609400 0.378630
3856.609400 0.374257
3858.609400 0.368694
3860.609400 0.362677
3862.609400 0.357038
3864.609400 0.352575
3866.609400 0.349935
3868.609400 0.349543
3870.609400 0.351562
3872.609400 0.355876
3874.609400 0.362099
3876.609400 0.369598
3878.609400 0.377556
3880.609400 0.385079
3882.940900 0.392195
3884.940900 0.396163
3886.940900 0.397795
3888.940900 0.397018
3891.151700 0.393503
3893.151700 0.388148
3895.151700 0.380924
3897.151700 0.371920
3899.151700 0.361108
3901.151700 0.348379
3903.336700 0.332191
3905.336700 0.315367
3907.336700 0.296937
3909.336700 0.277410
3911.336700 0.257409
3913.336700 0.237553
3915.336700 0.218369
3917.336700 0.200239
3919.336700 0.183399
3921.336700 0.167958
3923.336700 0.153929
3925.336700 0.141261
3927.336700 0.129866
3929.336700 0.119635
3931.336700 0.110457
3933.336700 0.102220
3935.336700 0.094820
3937.336700 0.088160
3939.336700 0.082156
3941.336700 0.076730
3943.336700 0.071817
3945.336700 0.067356
3947.336700 0.063297
3949.336700 0.059594
3951.336700 0.056209
3953.336700 0.053106
3955.336700 0.050256
3957.336700 0.047633
3959.336700 0.045213
3961.336700 0.042976
3963.336700 0.040904
3965.336700 0.038982
3967.336700 0.037195
3969.336700 0.035531
3971.336700 0.033978
3973.336700 0.032528
3975.336700 0.031171
3977.336700 0.029900
3979.336700 0.028707
3981.336700 0.027585
3983.336700 0.026530
3985.336700 0.025537
3987.336700 0.024599
3989.336700 0.023714
3991.336700 0.022877
3993.336700 0.022085
3995.336700 0.021335
3997.336700 0.020623
3999.336700 0.019948
4001.336700 0.019306
4003.336700 0.018696
4025.336700 0.013574
4051.736700 0.009844
4083.416700 0.007136
4121.432700 0.005176
4167.051900 0.003762
4221.794940 0.002742
4287.486588 0.002009

